0,0,1.0
1,0,1.0
2,0,1.0
3,0,1.0
4,0,1.0
5,0,1.0
6,0,1.0
7,0,1.0
8,0,1.0
9,0,1.0
10,0,1.0
11,0,1.0
12,0,1.0
13,0,1.0
14,0,1.0
15,0,1.0
16,0,1.0
17,0,1.0
18,0,1.0
19,0,1.0
20,0,1.0
21,0,1.0
22,0,1.0
23,0,1.0
24,0,1.0
25,0,1.0
26,0,1.0
27,0,1.0
28,0,1.0
29,0,1.0
30,0,1.0
31,0,1.0
32,0,1.0
33,0,1.0
34,0,1.0
35,0,1.0
36,0,1.0
37,0,1.0
38,0,1.0
39,0,1.0
40,0,1.0
41,0,1.0
42,0,1.0
43,0,1.0
44,0,1.0
45,0,1.0
46,0,1.0
47,0,1.0
48,0,1.0
49,0,1.0
50,0,1.0
51,0,1.0
52,0,1.0
53,0,1.0
54,0,1.0
55,0,1.0
56,0,1.0
57,0,1.0
58,0,1.0
59,0,1.0
60,0,1.0
0,1,1.0
1,1,1.0
2,1,1.0
3,1,1.0
4,1,1.0
5,1,1.0
6,1,1.0
7,1,1.0
8,1,1.0
9,1,1.0
10,1,1.0
11,1,1.0
12,1,1.0
13,1,1.0
14,1,1.0
15,1,1.0
16,1,1.0
17,1,1.0
18,1,1.0
19,1,1.0
20,1,1.0
21,1,1.0
22,1,1.0
23,1,1.0
24,1,1.0
25,1,1.0
26,1,1.0
27,1,1.0
28,1,1.0
29,1,1.0
30,1,1.0
31,1,1.0
32,1,1.0
33,1,1.0
34,1,1.0
35,1,1.0
36,1,1.0
37,1,1.0
38,1,1.0
39,1,1.0
40,1,1.0
41,1,1.0
42,1,1.0
43,1,1.0
44,1,1.0
45,1,1.0
46,1,1.0
47,1,1.0
48,1,1.0
49,1,1.0
50,1,1.0
51,1,1.0
52,1,1.0
53,1,1.0
54,1,1.0
55,1,1.0
56,1,1.0
57,1,1.0
58,1,1.0
59,1,1.0
-1,2,1.0
0,2,1.0
1,2,1.0
2,2,1.0
3,2,1.0
4,2,1.0
5,2,1.0
6,2,1.0
7,2,1.0
8,2,1.0
9,2,1.0
10,2,1.0
11,2,1.0
12,2,1.0
13,2,1.0
14,2,1.0
15,2,1.0
16,2,1.0
17,2,1.0
18,2,1.0
19,2,1.0
20,2,1.0
21,2,1.0
22,2,1.0
23,2,1.0
24,2,1.0
25,2,1.0
26,2,1.0
27,2,1.0
28,2,1.0
29,2,1.0
30,2,1.0
31,2,1.0
32,2,1.0
33,2,1.0
34,2,1.0
35,2,1.0
36,2,1.0
37,2,1.0
38,2,1.0
39,2,1.0
40,2,1.0
41,2,1.0
42,2,1.0
43,2,1.0
44,2,1.0
45,2,1.0
46,2,1.0
47,2,1.0
48,2,1.0
49,2,1.0
50,2,1.0
51,2,1.0
52,2,1.0
53,2,1.0
54,2,1.0
55,2,1.0
56,2,1.0
57,2,1.0
58,2,1.0
59,2,1.0
-1,3,1.0
0,3,1.0
1,3,1.0
2,3,1.0
3,3,1.0
4,3,1.0
5,3,1.0
6,3,1.0
7,3,1.0
8,3,1.0
9,3,1.0
10,3,1.0
11,3,1.0
12,3,1.0
13,3,1.0
14,3,1.0
15,3,1.0
16,3,1.0
17,3,1.0
18,3,1.0
19,3,1.0
20,3,1.0
21,3,1.0
22,3,1.0
23,3,1.0
24,3,1.0
25,3,1.0
26,3,1.0
27,3,1.0
28,3,1.0
29,3,1.0
30,3,1.0
31,3,1.0
32,3,1.0
33,3,1.0
34,3,1.0
35,3,1.0
36,3,1.0
37,3,1.0
38,3,1.0
39,3,1.0
40,3,1.0
41,3,1.0
42,3,1.0
43,3,1.0
44,3,1.0
45,3,1.0
46,3,1.0
47,3,1.0
48,3,1.0
49,3,1.0
50,3,1.0
51,3,1.0
52,3,1.0
53,3,1.0
54,3,1.0
55,3,1.0
56,3,1.0
57,3,1.0
58,3,1.0
-2,4,1.0
-1,4,1.0
0,4,1.0
1,4,1.0
2,4,1.0
3,4,1.0
4,4,1.0
5,4,1.0
6,4,1.0
7,4,1.0
8,4,1.0
9,4,1.0
10,4,1.0
11,4,1.0
12,4,1.0
13,4,1.0
14,4,1.0
15,4,1.0
16,4,1.0
17,4,1.0
18,4,1.0
19,4,1.0
20,4,1.0
21,4,1.0
22,4,1.0
23,4,1.0
24,4,1.0
25,4,1.0
26,4,1.0
27,4,1.0
28,4,1.0
29,4,1.0
30,4,1.0
31,4,1.0
32,4,1.0
33,4,1.0
34,4,1.0
35,4,1.0
36,4,1.0
37,4,1.0
38,4,1.0
39,4,1.0
40,4,1.0
41,4,1.0
42,4,1.0
43,4,1.0
44,4,1.0
45,4,1.0
46,4,1.0
47,4,1.0
48,4,1.0
49,4,1.0
50,4,1.0
51,4,1.0
52,4,1.0
53,4,1.0
54,4,1.0
55,4,1.0
56,4,1.0
57,4,1.0
58,4,1.0
-2,5,1.0
-1,5,1.0
0,5,1.0
1,5,1.0
2,5,1.0
3,5,1.0
4,5,1.0
5,5,1.0
6,5,1.0
7,5,1.0
8,5,1.0
9,5,1.0
10,5,1.0
11,5,1.0
12,5,1.0
13,5,1.0
14,5,1.0
15,5,1.0
16,5,1.0
17,5,1.0
18,5,1.0
19,5,1.0
20,5,1.0
21,5,1.0
22,5,1.0
23,5,1.0
24,5,1.0
25,5,1.0
26,5,1.0
27,5,1.0
28,5,1.0
29,5,1.0
30,5,1.0
31,5,1.0
32,5,1.0
33,5,1.0
34,5,1.0
35,5,1.0
36,5,1.0
37,5,1.0
38,5,1.0
39,5,1.0
40,5,1.0
41,5,1.0
42,5,1.0
43,5,1.0
44,5,1.0
45,5,1.0
46,5,1.0
47,5,1.0
48,5,1.0
49,5,1.0
50,5,1.0
51,5,1.0
52,5,1.0
53,5,1.0
54,5,1.0
55,5,1.0
56,5,1.0
57,5,1.0
-3,6,1.0
-2,6,1.0
-1,6,1.0
0,6,1.0
1,6,1.0
2,6,1.0
3,6,1.0
4,6,1.0
5,6,1.0
6,6,1.0
7,6,1.0
8,6,1.0
9,6,1.0
10,6,1.0
11,6,1.0
12,6,1.0
13,6,1.0
14,6,1.0
15,6,1.0
16,6,1.0
17,6,1.0
18,6,1.0
19,6,1.0
20,6,1.0
21,6,1.0
22,6,1.0
23,6,1.0
24,6,1.0
25,6,1.0
26,6,1.0
27,6,1.0
28,6,1.0
29,6,1.0
30,6,1.0
31,6,1.0
32,6,1.0
33,6,1.0
34,6,1.0
35,6,1.0
36,6,1.0
37,6,1.0
38,6,1.0
39,6,1.0
40,6,1.0
41,6,1.0
42,6,1.0
43,6,1.0
44,6,1.0
45,6,1.0
46,6,1.0
47,6,1.0
48,6,1.0
49,6,1.0
50,6,1.0
51,6,1.0
52,6,1.0
53,6,1.0
54,6,1.0
55,6,1.0
56,6,1.0
57,6,1.0
-3,7,1.0
-2,7,1.0
-1,7,1.0
0,7,1.0
1,7,1.0
2,7,1.0
3,7,1.0
4,7,1.0
5,7,1.0
6,7,1.0
7,7,1.0
8,7,1.0
9,7,1.0
10,7,1.0
11,7,1.0
12,7,1.0
13,7,1.0
14,7,1.0
15,7,1.0
16,7,1.0
17,7,1.0
18,7,1.0
19,7,1.0
20,7,1.0
21,7,1.0
22,7,1.0
23,7,1.0
24,7,1.0
25,7,1.0
26,7,1.0
27,7,1.0
28,7,1.0
29,7,1.0
30,7,1.0
31,7,1.0
32,7,1.0
33,7,1.0
34,7,1.0
35,7,1.0
36,7,1.0
37,7,1.0
38,7,1.0
39,7,1.0
40,7,1.0
41,7,1.0
42,7,1.0
43,7,1.0
44,7,1.0
45,7,1.0
46,7,1.0
47,7,1.0
48,7,1.0
49,7,1.0
50,7,1.0
51,7,1.0
52,7,1.0
53,7,1.0
54,7,1.0
55,7,1.0
56,7,1.0
-4,8,1.0
-3,8,1.0
-2,8,1.0
-1,8,1.0
0,8,1.0
1,8,1.0
2,8,1.0
3,8,1.0
4,8,1.0
5,8,1.0
6,8,1.0
7,8,1.0
8,8,1.0
9,8,1.0
10,8,1.0
11,8,1.0
12,8,1.0
13,8,1.0
14,8,1.0
15,8,1.0
16,8,1.0
17,8,1.0
18,8,1.0
19,8,1.0
20,8,1.0
21,8,1.0
22,8,1.0
23,8,1.0
24,8,1.0
25,8,1.0
26,8,1.0
27,8,1.0
28,8,1.0
29,8,1.0
30,8,1.0
31,8,1.0
32,8,1.0
33,8,1.0
34,8,1.0
35,8,1.0
36,8,1.0
37,8,1.0
38,8,1.0
39,8,1.0
40,8,1.0
41,8,1.0
42,8,1.0
43,8,1.0
44,8,1.0
45,8,1.0
46,8,1.0
47,8,1.0
48,8,1.0
49,8,1.0
50,8,1.0
51,8,1.0
52,8,1.0
53,8,1.0
54,8,1.0
55,8,1.0
56,8,1.0
-4,9,1.0
-3,9,1.0
-2,9,1.0
-1,9,1.0
0,9,1.0
1,9,1.0
2,9,1.0
3,9,1.0
4,9,1.0
5,9,1.0
6,9,1.0
7,9,1.0
8,9,1.0
9,9,1.0
10,9,1.0
11,9,1.0
12,9,1.0
13,9,1.0
14,9,1.0
15,9,1.0
16,9,1.0
17,9,1.0
18,9,1.0
19,9,1.0
20,9,1.0
21,9,1.0
22,9,1.0
23,9,1.0
24,9,1.0
25,9,1.0
26,9,1.0
27,9,1.0
28,9,1.0
29,9,1.0
30,9,1.0
31,9,1.0
32,9,1.0
33,9,1.0
34,9,1.0
35,9,1.0
36,9,1.0
37,9,1.0
38,9,1.0
39,9,1.0
40,9,1.0
41,9,1.0
42,9,1.0
43,9,1.0
44,9,1.0
45,9,1.0
46,9,1.0
47,9,1.0
48,9,1.0
49,9,1.0
50,9,1.0
51,9,1.0
52,9,1.0
53,9,1.0
54,9,1.0
55,9,1.0
-5,10,1.0
-4,10,1.0
-3,10,1.0
-2,10,1.0
-1,10,1.0
0,10,1.0
1,10,1.0
2,10,1.0
3,10,1.0
4,10,0.86
5,10,0.98
6,10,1.0
7,10,1.0
8,10,1.0
9,10,1.0
10,10,1.0
11,10,0.95
12,10,1.0
13,10,1.0
14,10,1.0
15,10,1.0
16,10,1.0
17,10,1.0
18,10,1.0
19,10,1.0
20,10,1.0
21,10,1.0
22,10,1.0
23,10,1.0
24,10,1.0
25,10,1.0
26,10,1.0
27,10,1.0
28,10,1.0
29,10,1.0
30,10,1.0
31,10,1.0
32,10,1.0
33,10,1.0
34,10,1.0
35,10,1.0
36,10,1.0
37,10,1.0
38,10,0.87
39,10,0.97
40,10,1.0
41,10,1.0
42,10,0.86
43,10,1.0
44,10,1.0
45,10,1.0
46,10,1.0
47,10,1.0
48,10,1.0
49,10,1.0
50,10,1.0
51,10,1.0
52,10,1.0
53,10,1.0
54,10,1.0
55,10,1.0
-5,11,1.0
-4,11,1.0
-3,11,1.0
-2,11,1.0
-1,11,1.0
0,11,1.0
1,11,1.0
2,11,1.0
3,11,1.0
4,11,0.47
5,11,1.0
6,11,0.76
7,11,0.92
8,11,1.0
9,11,1.0
10,11,0.98
11,11,0.97
12,11,1.0
13,11,1.0
14,11,1.0
15,11,0.91
16,11,0.98
17,11,1.0
18,11,1.0
19,11,1.0
20,11,1.0
21,11,1.0
22,11,1.0
23,11,1.0
24,11,1.0
25,11,1.0
26,11,1.0
27,11,1.0
28,11,1.0
29,11,1.0
30,11,1.0
31,11,1.0
32,11,1.0
33,11,1.0
34,11,1.0
35,11,0.95
36,11,0.87
37,11,0.91
38,11,0.86
39,11,1.0
40,11,0.96
41,11,0.9
42,11,0.96
43,11,1.0
44,11,1.0
45,11,1.0
46,11,1.0
47,11,1.0
48,11,1.0
49,11,1.0
50,11,1.0
51,11,1.0
52,11,1.0
53,11,1.0
54,11,1.0
-6,12,1.0
-5,12,1.0
-4,12,1.0
-3,12,1.0
-2,12,1.0
-1,12,1.0
0,12,1.0
1,12,1.0
2,12,1.0
3,12,0.89
4,12,0.78
5,12,0.39
6,12,0.59
7,12,1.0
8,12,1.0
9,12,0.63
10,12,0.5
11,12,0.42
12,12,0.46
13,12,0.49
14,12,0.47
15,12,0.48
16,12,0.5
17,12,0.5
18,12,0.44
19,12,0.48
20,12,0.5
21,12,0.5
22,12,0.6
23,12,0.69
24,12,0.72
25,12,0.94
26,12,1.0
27,12,1.0
28,12,1.0
29,12,1.0
30,12,1.0
31,12,1.0
32,12,0.84
33,12,0.97
34,12,1.0
35,12,1.0
36,12,1.0
37,12,1.0
38,12,1.0
39,12,0.98
40,12,0.88
41,12,1.0
42,12,1.0
43,12,1.0
44,12,1.0
45,12,1.0
46,12,1.0
47,12,1.0
48,12,1.0
49,12,1.0
50,12,1.0
51,12,1.0
52,12,1.0
53,12,1.0
54,12,1.0
-6,13,1.0
-5,13,1.0
-4,13,1.0
-3,13,1.0
-2,13,1.0
-1,13,1.0
0,13,1.0
1,13,1.0
2,13,0.95
3,13,0.95
4,13,0.14
5,13,0.05
6,13,0.96
7,13,0.91
8,13,0.39
9,13,0.18
10,13,0.68
11,13,0.51
12,13,0.77
13,13,0.22
14,13,0.01
15,13,0.0
16,13,0.02
17,13,0.03
18,13,0.0
19,13,0.0
20,13,0.24
21,13,0.0
22,13,0.0
23,13,0.09
24,13,0.38
25,13,1.0
26,13,0.96
27,13,1.0
28,13,1.0
29,13,1.0
30,13,0.92
31,13,0.27
32,13,0.52
33,13,1.0
34,13,1.0
35,13,1.0
36,13,1.0
37,13,1.0
38,13,1.0
39,13,1.0
40,13,1.0
41,13,0.96
42,13,1.0
43,13,1.0
44,13,1.0
45,13,1.0
46,13,1.0
47,13,1.0
48,13,1.0
49,13,1.0
50,13,1.0
51,13,1.0
52,13,1.0
53,13,1.0
-7,14,1.0
-6,14,1.0
-5,14,1.0
-4,14,1.0
-3,14,1.0
-2,14,1.0
-1,14,1.0
0,14,1.0
1,14,1.0
2,14,1.0
3,14,0.41
4,14,0.22
5,14,0.65
6,14,0.94
7,14,0.77
8,14,0.16
9,14,0.88
10,14,0.62
11,14,0.67
12,14,0.32
13,14,0.0
14,14,0.19
15,14,0.06
16,14,0.0
17,14,0.0
18,14,0.0
19,14,0.02
20,14,0.0
21,14,0.0
22,14,0.14
23,14,0.15
24,14,0.99
25,14,1.0
26,14,1.0
27,14,1.0
28,14,1.0
29,14,0.96
30,14,0.52
31,14,0.3
32,14,0.86
33,14,1.0
34,14,1.0
35,14,1.0
36,14,0.96
37,14,1.0
38,14,1.0
39,14,1.0
40,14,1.0
41,14,0.96
42,14,1.0
43,14,1.0
44,14,1.0
45,14,1.0
46,14,1.0
47,14,1.0
48,14,1.0
49,14,1.0
50,14,1.0
51,14,1.0
52,14,1.0
53,14,1.0
-7,15,1.0
-6,15,1.0
-5,15,1.0
-4,15,1.0
-3,15,1.0
-2,15,1.0
-1,15,1.0
0,15,1.0
1,15,1.0
2,15,0.94
3,15,0.9
4,15,0.98
5,15,1.0
6,15,1.0
7,15,0.29
8,15,0.76
9,15,0.33
10,15,0.2
11,15,0.07
12,15,0.01
13,15,0.07
14,15,0.07
15,15,0.0
16,15,0.0
17,15,0.0
18,15,0.0
19,15,0.0
20,15,0.07
21,15,0.06
22,15,0.61
23,15,0.29
24,15,0.87
25,15,1.0
26,15,1.0
27,15,1.0
28,15,1.0
29,15,1.0
30,15,0.98
31,15,1.0
32,15,1.0
33,15,1.0
34,15,1.0
35,15,1.0
36,15,1.0
37,15,1.0
38,15,1.0
39,15,1.0
40,15,0.84
41,15,0.58
42,15,0.52
43,15,0.52
44,15,0.88
45,15,1.0
46,15,1.0
47,15,1.0
48,15,1.0
49,15,1.0
50,15,1.0
51,15,1.0
52,15,1.0
-8,16,1.0
-7,16,1.0
-6,16,1.0
-5,16,1.0
-4,16,1.0
-3,16,1.0
-2,16,1.0
-1,16,1.0
0,16,1.0
1,16,1.0
2,16,1.0
3,16,1.0
4,16,1.0
5,16,1.0
6,16,0.78
7,16,0.26
8,16,0.82
9,16,0.66
10,16,0.38
11,16,0.09
12,16,0.0
13,16,0.0
14,16,0.0
15,16,0.0
16,16,0.0
17,16,0.0
18,16,0.0
19,16,0.0
20,16,0.25
21,16,0.15
22,16,0.18
23,16,0.0
24,16,0.52
25,16,1.0
26,16,1.0
27,16,1.0
28,16,0.86
29,16,0.31
30,16,0.22
31,16,0.59
32,16,1.0
33,16,1.0
34,16,0.94
35,16,0.9
36,16,1.0
37,16,1.0
38,16,1.0
39,16,1.0
40,16,0.39
41,16,0.0
42,16,0.0
43,16,0.21
44,16,1.0
45,16,1.0
46,16,1.0
47,16,1.0
48,16,1.0
49,16,1.0
50,16,1.0
51,16,1.0
52,16,1.0
-8,17,1.0
-7,17,1.0
-6,17,1.0
-5,17,1.0
-4,17,1.0
-3,17,1.0
-2,17,1.0
-1,17,1.0
0,17,1.0
1,17,1.0
2,17,1.0
3,17,1.0
4,17,1.0
5,17,1.0
6,17,0.21
7,17,0.1
8,17,0.35
9,17,0.24
10,17,0.02
11,17,0.3
12,17,0.0
13,17,0.01
14,17,0.02
15,17,0.0
16,17,0.0
17,17,0.0
18,17,0.0
19,17,0.19
20,17,0.14
21,17,0.35
22,17,0.0
23,17,0.0
24,17,1.0
25,17,1.0
26,17,1.0
27,17,0.81
28,17,0.0
29,17,0.0
30,17,0.0
31,17,0.46
32,17,0.96
33,17,0.92
34,17,1.0
35,17,1.0
36,17,0.87
37,17,0.43
38,17,0.4
39,17,0.4
40,17,0.03
41,17,0.0
42,17,0.06
43,17,0.83
44,17,1.0
45,17,1.0
46,17,1.0
47,17,1.0
48,17,1.0
49,17,1.0
50,17,1.0
51,17,1.0
-9,18,1.0
-8,18,1.0
-7,18,1.0
-6,18,1.0
-5,18,1.0
-4,18,1.0
-3,18,1.0
-2,18,1.0
-1,18,1.0
0,18,1.0
1,18,1.0
2,18,1.0
3,18,1.0
4,18,1.0
5,18,0.7
6,18,0.14
7,18,0.16
8,18,0.08
9,18,0.05
10,18,0.54
11,18,0.03
12,18,0.0
13,18,0.02
14,18,0.0
15,18,0.0
16,18,0.0
17,18,0.0
18,18,0.01
19,18,0.18
20,18,0.04
21,18,0.59
22,18,0.2
23,18,0.5
24,18,1.0
25,18,1.0
26,18,1.0
27,18,0.23
28,18,0.0
29,18,0.0
30,18,0.0
31,18,0.58
32,18,0.61
33,18,0.92
34,18,0.91
35,18,0.99
36,18,0.24
37,18,0.0
38,18,0.0
39,18,0.0
40,18,0.0
41,18,0.0
42,18,0.49
43,18,1.0
44,18,1.0
45,18,1.0
46,18,1.0
47,18,1.0
48,18,1.0
49,18,1.0
50,18,1.0
51,18,1.0
-9,19,1.0
-8,19,1.0
-7,19,1.0
-6,19,1.0
-5,19,1.0
-4,19,1.0
-3,19,1.0
-2,19,1.0
-1,19,1.0
0,19,1.0
1,19,1.0
2,19,1.0
3,19,1.0
4,19,1.0
5,19,0.2
6,19,0.12
7,19,0.0
8,19,0.07
9,19,0.24
10,19,0.05
11,19,0.0
12,19,0.0
13,19,0.0
14,19,0.0
15,19,0.0
16,19,0.0
17,19,0.0
18,19,0.0
19,19,0.0
20,19,0.64
21,19,0.18
22,19,0.14
23,19,0.92
24,19,1.0
25,19,1.0
26,19,0.92
27,19,0.15
28,19,0.0
29,19,0.0
30,19,0.0
31,19,0.3
32,19,0.95
33,19,0.73
34,19,0.72
35,19,0.75
36,19,0.18
37,19,0.22
38,19,0.29
39,19,0.19
40,19,0.32
41,19,0.59
42,19,1.0
43,19,1.0
44,19,1.0
45,19,1.0
46,19,1.0
47,19,1.0
48,19,1.0
49,19,1.0
50,19,1.0
-10,20,1.0
-9,20,1.0
-8,20,1.0
-7,20,1.0
-6,20,1.0
-5,20,1.0
-4,20,1.0
-3,20,1.0
-2,20,1.0
-1,20,1.0
0,20,1.0
1,20,1.0
2,20,1.0
3,20,1.0
4,20,0.7
5,20,0.44
6,20,0.44
7,20,0.28
8,20,0.43
9,20,0.02
10,20,0.01
11,20,0.03
12,20,0.0
13,20,0.0
14,20,0.0
15,20,0.0
16,20,0.0
17,20,0.0
18,20,0.0
19,20,0.1
20,20,0.93
21,20,0.69
22,20,0.46
23,20,1.0
24,20,1.0
25,20,1.0
26,20,1.0
27,20,0.77
28,20,0.63
29,20,0.64
30,20,0.76
31,20,1.0
32,20,1.0
33,20,1.0
34,20,0.92
35,20,0.97
36,20,1.0
37,20,1.0
38,20,1.0
39,20,0.54
40,20,0.87
41,20,1.0
42,20,1.0
43,20,1.0
44,20,1.0
45,20,1.0
46,20,1.0
47,20,1.0
48,20,1.0
49,20,1.0
50,20,1.0
-10,21,1.0
-9,21,1.0
-8,21,1.0
-7,21,1.0
-6,21,1.0
-5,21,1.0
-4,21,1.0
-3,21,1.0
-2,21,1.0
-1,21,1.0
0,21,1.0
1,21,1.0
2,21,1.0
3,21,1.0
4,21,0.2
5,21,0.4
6,21,0.22
7,21,0.4
8,21,0.37
9,21,0.3
10,21,0.37
11,21,0.2
12,21,0.18
13,21,0.0
14,21,0.0
15,21,0.03
16,21,0.09
17,21,0.04
18,21,0.0
19,21,0.55
20,21,1.0
21,21,0.5
22,21,0.96
23,21,1.0
24,21,1.0
25,21,1.0
26,21,1.0
27,21,1.0
28,21,1.0
29,21,1.0
30,21,1.0
31,21,0.94
32,21,0.97
33,21,0.93
34,21,1.0
35,21,1.0
36,21,1.0
37,21,1.0
38,21,1.0
39,21,0.95
40,21,1.0
41,21,1.0
42,21,1.0
43,21,1.0
44,21,1.0
45,21,1.0
46,21,1.0
47,21,1.0
48,21,1.0
49,21,1.0
-11,22,1.0
-10,22,1.0
-9,22,1.0
-8,22,1.0
-7,22,1.0
-6,22,1.0
-5,22,1.0
-4,22,1.0
-3,22,1.0
-2,22,1.0
-1,22,1.0
0,22,1.0
1,22,1.0
2,22,1.0
3,22,0.9
4,22,0.51
5,22,0.46
6,22,0.49
7,22,0.55
8,22,0.45
9,22,0.4
10,22,0.34
11,22,0.31
12,22,0.3
13,22,0.24
14,22,0.4
15,22,0.24
16,22,0.2
17,22,0.2
18,22,0.29
19,22,0.68
20,22,0.61
21,22,0.73
22,22,1.0
23,22,1.0
24,22,1.0
25,22,1.0
26,22,1.0
27,22,1.0
28,22,1.0
29,22,0.96
30,22,0.91
31,22,0.5
32,22,0.76
33,22,0.98
34,22,0.98
35,22,0.98
36,22,1.0
37,22,1.0
38,22,0.98
39,22,1.0
40,22,1.0
41,22,1.0
42,22,1.0
43,22,1.0
44,22,1.0
45,22,1.0
46,22,1.0
47,22,1.0
48,22,1.0
49,22,1.0
-11,23,1.0
-10,23,1.0
-9,23,1.0
-8,23,1.0
-7,23,1.0
-6,23,1.0
-5,23,1.0
-4,23,1.0
-3,23,1.0
-2,23,1.0
-1,23,1.0
0,23,1.0
1,23,1.0
2,23,1.0
3,23,1.0
4,23,1.0
5,23,1.0
6,23,1.0
7,23,1.0
8,23,1.0
9,23,1.0
10,23,0.91
11,23,1.0
12,23,1.0
13,23,1.0
14,23,1.0
15,23,0.96
16,23,0.82
17,23,0.8
18,23,0.92
19,23,1.0
20,23,0.88
21,23,0.74
22,23,0.61
23,23,0.6
24,23,0.62
25,23,0.57
26,23,1.0
27,23,1.0
28,23,1.0
29,23,1.0
30,23,0.77
31,23,0.72
32,23,0.72
33,23,1.0
34,23,1.0
35,23,1.0
36,23,1.0
37,23,1.0
38,23,0.96
39,23,1.0
40,23,1.0
41,23,1.0
42,23,1.0
43,23,1.0
44,23,1.0
45,23,1.0
46,23,1.0
47,23,1.0
48,23,1.0
-12,24,1.0
-11,24,1.0
-10,24,1.0
-9,24,1.0
-8,24,1.0
-7,24,1.0
-6,24,1.0
-5,24,1.0
-4,24,1.0
-3,24,1.0
-2,24,1.0
-1,24,1.0
0,24,1.0
1,24,1.0
2,24,1.0
3,24,1.0
4,24,1.0
5,24,1.0
6,24,1.0
7,24,1.0
8,24,1.0
9,24,1.0
10,24,1.0
11,24,1.0
12,24,1.0
13,24,1.0
14,24,1.0
15,24,0.43
16,24,0.12
17,24,0.65
18,24,0.96
19,24,0.94
20,24,0.94
21,24,0.28
22,24,0.27
23,24,0.62
24,24,0.56
25,24,0.73
26,24,1.0
27,24,1.0
28,24,1.0
29,24,1.0
30,24,1.0
31,24,1.0
32,24,1.0
33,24,1.0
34,24,0.86
35,24,1.0
36,24,1.0
37,24,1.0
38,24,0.85
39,24,0.94
40,24,1.0
41,24,1.0
42,24,1.0
43,24,1.0
44,24,1.0
45,24,1.0
46,24,1.0
47,24,1.0
48,24,1.0
-12,25,1.0
-11,25,1.0
-10,25,1.0
-9,25,1.0
-8,25,1.0
-7,25,1.0
-6,25,1.0
-5,25,1.0
-4,25,1.0
-3,25,1.0
-2,25,1.0
-1,25,1.0
0,25,1.0
1,25,1.0
2,25,1.0
3,25,1.0
4,25,1.0
5,25,1.0
6,25,0.39
7,25,0.43
8,25,1.0
9,25,0.98
10,25,0.91
11,25,0.92
12,25,0.99
13,25,1.0
14,25,1.0
15,25,0.95
16,25,1.0
17,25,1.0
18,25,1.0
19,25,1.0
20,25,0.57
21,25,0.24
22,25,0.55
23,25,0.91
24,25,1.0
25,25,1.0
26,25,1.0
27,25,1.0
28,25,1.0
29,25,1.0
30,25,1.0
31,25,1.0
32,25,1.0
33,25,0.98
34,25,0.99
35,25,1.0
36,25,0.81
37,25,1.0
38,25,0.75
39,25,0.98
40,25,1.0
41,25,1.0
42,25,1.0
43,25,1.0
44,25,1.0
45,25,1.0
46,25,1.0
47,25,1.0
-13,26,1.0
-12,26,1.0
-11,26,1.0
-10,26,1.0
-9,26,1.0
-8,26,1.0
-7,26,1.0
-6,26,1.0
-5,26,1.0
-4,26,1.0
-3,26,1.0
-2,26,1.0
-1,26,1.0
0,26,1.0
1,26,1.0
2,26,1.0
3,26,1.0
4,26,1.0
5,26,0.6
6,26,0.0
7,26,0.5
8,26,1.0
9,26,1.0
10,26,0.98
11,26,0.88
12,26,1.0
13,26,1.0
14,26,0.75
15,26,0.18
16,26,0.15
17,26,0.13
18,26,0.3
19,26,0.12
20,26,0.26
21,26,0.63
22,26,1.0
23,26,1.0
24,26,1.0
25,26,1.0
26,26,1.0
27,26,1.0
28,26,1.0
29,26,1.0
30,26,1.0
31,26,1.0
32,26,0.96
33,26,1.0
34,26,1.0
35,26,0.97
36,26,0.84
37,26,1.0
38,26,1.0
39,26,1.0
40,26,1.0
41,26,1.0
42,26,1.0
43,26,1.0
44,26,1.0
45,26,1.0
46,26,1.0
47,26,1.0
-13,27,1.0
-12,27,1.0
-11,27,1.0
-10,27,1.0
-9,27,1.0
-8,27,1.0
-7,27,1.0
-6,27,1.0
-5,27,1.0
-4,27,1.0
-3,27,1.0
-2,27,1.0
-1,27,1.0
0,27,0.93
1,27,0.94
2,27,1.0
3,27,1.0
4,27,1.0
5,27,0.25
6,27,0.0
7,27,0.97
8,27,1.0
9,27,1.0
10,27,1.0
11,27,1.0
12,27,1.0
13,27,1.0
14,27,0.11
15,27,0.0
16,27,0.0
17,27,0.16
18,27,0.04
19,27,0.01
20,27,0.9
21,27,1.0
22,27,1.0
23,27,1.0
24,27,0.98
25,27,1.0
26,27,1.0
27,27,1.0
28,27,1.0
29,27,1.0
30,27,1.0
31,27,1.0
32,27,1.0
33,27,0.86
34,27,1.0
35,27,0.95
36,27,0.98
37,27,1.0
38,27,1.0
39,27,1.0
40,27,1.0
41,27,1.0
42,27,1.0
43,27,1.0
44,27,1.0
45,27,1.0
46,27,1.0
-14,28,1.0
-13,28,1.0
-12,28,1.0
-11,28,1.0
-10,28,1.0
-9,28,1.0
-8,28,1.0
-7,28,1.0
-6,28,1.0
-5,28,1.0
-4,28,1.0
-3,28,1.0
-2,28,1.0
-1,28,1.0
0,28,0.94
1,28,1.0
2,28,1.0
3,28,1.0
4,28,0.86
5,28,0.0
6,28,0.59
7,28,1.0
8,28,1.0
9,28,1.0
10,28,1.0
11,28,1.0
12,28,1.0
13,28,0.65
14,28,0.0
15,28,0.0
16,28,0.0
17,28,0.0
18,28,0.0
19,28,0.48
20,28,1.0
21,28,1.0
22,28,0.76
23,28,0.6
24,28,0.7
25,28,0.7
26,28,0.6
27,28,0.51
28,28,0.38
29,28,0.5
30,28,0.49
31,28,0.78
32,28,0.96
33,28,1.0
34,28,1.0
35,28,0.83
36,28,0.94
37,28,0.89
38,28,1.0
39,28,1.0
40,28,1.0
41,28,1.0
42,28,1.0
43,28,1.0
44,28,1.0
45,28,1.0
46,28,1.0
-14,29,1.0
-13,29,1.0
-12,29,1.0
-11,29,1.0
-10,29,1.0
-9,29,1.0
-8,29,1.0
-7,29,1.0
-6,29,1.0
-5,29,1.0
-4,29,1.0
-3,29,1.0
-2,29,1.0
-1,29,1.0
0,29,1.0
1,29,0.93
2,29,0.64
3,29,0.65
4,29,0.15
5,29,0.01
6,29,0.44
7,29,0.41
8,29,0.77
9,29,1.0
10,29,1.0
11,29,1.0
12,29,1.0
13,29,0.18
14,29,0.0
15,29,0.0
16,29,0.0
17,29,0.0
18,29,0.0
19,29,0.98
20,29,1.0
21,29,0.94
22,29,0.83
23,29,0.16
24,29,0.0
25,29,0.0
26,29,0.0
27,29,0.0
28,29,0.0
29,29,0.0
30,29,0.06
31,29,0.99
32,29,1.0
33,29,1.0
34,29,1.0
35,29,0.99
36,29,0.99
37,29,1.0
38,29,1.0
39,29,1.0
40,29,1.0
41,29,1.0
42,29,1.0
43,29,1.0
44,29,1.0
45,29,1.0
-15,30,1.0
-14,30,1.0
-13,30,1.0
-12,30,1.0
-11,30,1.0
-10,30,1.0
-9,30,1.0
-8,30,1.0
-7,30,1.0
-6,30,1.0
-5,30,1.0
-4,30,1.0
-3,30,1.0
-2,30,1.0
-1,30,1.0
0,30,1.0
1,30,0.72
2,30,0.05
3,30,0.0
4,30,0.0
5,30,0.0
6,30,0.0
7,30,0.4
8,30,0.99
9,30,1.0
10,30,1.0
11,30,1.0
12,30,0.91
13,30,0.58
14,30,0.59
15,30,0.63
16,30,0.62
17,30,0.6
18,30,0.75
19,30,0.99
20,30,1.0
21,30,1.0
22,30,0.7
23,30,0.0
24,30,0.0
25,30,0.0
26,30,0.0
27,30,0.0
28,30,0.0
29,30,0.0
30,30,0.41
31,30,1.0
32,30,1.0
33,30,1.0
34,30,1.0
35,30,0.98
36,30,0.95
37,30,1.0
38,30,1.0
39,30,1.0
40,30,1.0
41,30,1.0
42,30,1.0
43,30,1.0
44,30,1.0
45,30,1.0
-15,31,1.0
-14,31,1.0
-13,31,1.0
-12,31,1.0
-11,31,1.0
-10,31,1.0
-9,31,1.0
-8,31,1.0
-7,31,1.0
-6,31,1.0
-5,31,1.0
-4,31,1.0
-3,31,0.94
-2,31,0.66
-1,31,0.98
0,31,0.55
1,31,0.01
2,31,0.0
3,31,0.0
4,31,0.0
5,31,0.0
6,31,0.0
7,31,0.07
8,31,0.86
9,31,1.0
10,31,1.0
11,31,1.0
12,31,1.0
13,31,1.0
14,31,0.89
15,31,0.96
16,31,1.0
17,31,1.0
18,31,0.87
19,31,0.96
20,31,0.92
21,31,1.0
22,31,0.26
23,31,0.0
24,31,0.0
25,31,0.0
26,31,0.0
27,31,0.0
28,31,0.0
29,31,0.0
30,31,0.86
31,31,1.0
32,31,1.0
33,31,0.89
34,31,0.29
35,31,0.38
36,31,0.95
37,31,1.0
38,31,1.0
39,31,1.0
40,31,1.0
41,31,1.0
42,31,1.0
43,31,1.0
44,31,1.0
-16,32,1.0
-15,32,1.0
-14,32,1.0
-13,32,1.0
-12,32,1.0
-11,32,1.0
-10,32,1.0
-9,32,1.0
-8,32,1.0
-7,32,1.0
-6,32,1.0
-5,32,1.0
-4,32,1.0
-3,32,0.79
-2,32,0.91
-1,32,0.5
0,32,0.0
1,32,0.0
2,32,0.0
3,32,0.0
4,32,0.0
5,32,0.0
6,32,0.0
7,32,0.01
8,32,0.93
9,32,1.0
10,32,1.0
11,32,1.0
12,32,1.0
13,32,1.0
14,32,0.84
15,32,1.0
16,32,1.0
17,32,1.0
18,32,1.0
19,32,0.93
20,32,1.0
21,32,0.91
22,32,0.0
23,32,0.0
24,32,0.0
25,32,0.0
26,32,0.0
27,32,0.0
28,32,0.0
29,32,0.22
30,32,1.0
31,32,1.0
32,32,1.0
33,32,0.94
34,32,0.77
35,32,1.0
36,32,1.0
37,32,1.0
38,32,1.0
39,32,1.0
40,32,1.0
41,32,1.0
42,32,1.0
43,32,1.0
44,32,1.0
-16,33,1.0
-15,33,1.0
-14,33,1.0
-13,33,1.0
-12,33,1.0
-11,33,1.0
-10,33,1.0
-9,33,1.0
-8,33,1.0
-7,33,0.87
-6,33,0.88
-5,33,1.0
-4,33,1.0
-3,33,1.0
-2,33,0.94
-1,33,0.01
0,33,0.0
1,33,0.0
2,33,0.0
3,33,0.0
4,33,0.0
5,33,0.0
6,33,0.0
7,33,0.44
8,33,1.0
9,33,1.0
10,33,1.0
11,33,1.0
12,33,1.0
13,33,1.0
14,33,1.0
15,33,1.0
16,33,1.0
17,33,1.0
18,33,1.0
19,33,1.0
20,33,1.0
21,33,0.5
22,33,0.0
23,33,0.0
24,33,0.0
25,33,0.0
26,33,0.0
27,33,0.0
28,33,0.0
29,33,0.68
30,33,1.0
31,33,1.0
32,33,1.0
33,33,0.87
34,33,0.74
35,33,1.0
36,33,1.0
37,33,1.0
38,33,1.0
39,33,1.0
40,33,1.0
41,33,1.0
42,33,1.0
43,33,1.0
-17,34,1.0
-16,34,1.0
-15,34,1.0
-14,34,1.0
-13,34,1.0
-12,34,1.0
-11,34,1.0
-10,34,1.0
-9,34,1.0
-8,34,1.0
-7,34,0.66
-6,34,0.93
-5,34,1.0
-4,34,1.0
-3,34,1.0
-2,34,0.78
-1,34,0.01
0,34,0.0
1,34,0.0
2,34,0.0
3,34,0.0
4,34,0.0
5,34,0.0
6,34,0.34
7,34,1.0
8,34,1.0
9,34,1.0
10,34,1.0
11,34,1.0
12,34,1.0
13,34,1.0
14,34,1.0
15,34,1.0
16,34,1.0
17,34,1.0
18,34,1.0
19,34,1.0
20,34,1.0
21,34,0.02
22,34,0.0
23,34,0.0
24,34,0.0
25,34,0.0
26,34,0.0
27,34,0.0
28,34,0.09
29,34,1.0
30,34,1.0
31,34,1.0
32,34,1.0
33,34,0.83
34,34,1.0
35,34,1.0
36,34,1.0
37,34,1.0
38,34,1.0
39,34,1.0
40,34,1.0
41,34,1.0
42,34,1.0
43,34,1.0
-17,35,1.0
-16,35,1.0
-15,35,1.0
-14,35,1.0
-13,35,1.0
-12,35,1.0
-11,35,1.0
-10,35,1.0
-9,35,1.0
-8,35,1.0
-7,35,1.0
-6,35,1.0
-5,35,1.0
-4,35,1.0
-3,35,1.0
-2,35,0.91
-1,35,0.45
0,35,0.05
1,35,0.0
2,35,0.0
3,35,0.0
4,35,0.2
5,35,0.74
6,35,1.0
7,35,1.0
8,35,1.0
9,35,1.0
10,35,1.0
11,35,1.0
12,35,1.0
13,35,1.0
14,35,1.0
15,35,1.0
16,35,1.0
17,35,1.0
18,35,1.0
19,35,1.0
20,35,0.63
21,35,0.0
22,35,0.0
23,35,0.0
24,35,0.0
25,35,0.0
26,35,0.0
27,35,0.0
28,35,0.5
29,35,1.0
30,35,1.0
31,35,1.0
32,35,0.92
33,35,0.98
34,35,1.0
35,35,1.0
36,35,1.0
37,35,1.0
38,35,1.0
39,35,1.0
40,35,1.0
41,35,1.0
42,35,1.0
-18,36,1.0
-17,36,1.0
-16,36,1.0
-15,36,1.0
-14,36,1.0
-13,36,1.0
-12,36,1.0
-11,36,1.0
-10,36,1.0
-9,36,1.0
-8,36,1.0
-7,36,1.0
-6,36,1.0
-5,36,1.0
-4,36,1.0
-3,36,1.0
-2,36,1.0
-1,36,0.95
0,36,0.72
1,36,0.55
2,36,0.62
3,36,0.84
4,36,1.0
5,36,1.0
6,36,1.0
7,36,1.0
8,36,1.0
9,36,1.0
10,36,1.0
11,36,1.0
12,36,1.0
13,36,1.0
14,36,1.0
15,36,1.0
16,36,1.0
17,36,1.0
18,36,1.0
19,36,1.0
20,36,0.2
21,36,0.0
22,36,0.0
23,36,0.0
24,36,0.09
25,36,0.1
26,36,0.1
27,36,0.1
28,36,0.97
29,36,0.92
30,36,0.96
31,36,1.0
32,36,0.9
33,36,1.0
34,36,1.0
35,36,1.0
36,36,1.0
37,36,1.0
38,36,1.0
39,36,1.0
40,36,1.0
41,36,1.0
42,36,1.0
-18,37,1.0
-17,37,1.0
-16,37,1.0
-15,37,1.0
-14,37,1.0
-13,37,1.0
-12,37,1.0
-11,37,1.0
-10,37,1.0
-9,37,1.0
-8,37,1.0
-7,37,1.0
-6,37,1.0
-5,37,1.0
-4,37,1.0
-3,37,1.0
-2,37,1.0
-1,37,1.0
0,37,1.0
1,37,1.0
2,37,1.0
3,37,1.0
4,37,1.0
5,37,1.0
6,37,1.0
7,37,1.0
8,37,1.0
9,37,0.47
10,37,0.33
11,37,0.31
12,37,0.87
13,37,1.0
14,37,1.0
15,37,1.0
16,37,1.0
17,37,1.0
18,37,1.0
19,37,0.86
20,37,0.78
21,37,0.82
22,37,0.84
23,37,0.94
24,37,1.0
25,37,1.0
26,37,1.0
27,37,1.0
28,37,1.0
29,37,1.0
30,37,1.0
31,37,1.0
32,37,1.0
33,37,1.0
34,37,1.0
35,37,1.0
36,37,1.0
37,37,1.0
38,37,1.0
39,37,1.0
40,37,1.0
41,37,1.0
-19,38,1.0
-18,38,1.0
-17,38,1.0
-16,38,1.0
-15,38,1.0
-14,38,1.0
-13,38,1.0
-12,38,1.0
-11,38,1.0
-10,38,1.0
-9,38,1.0
-8,38,1.0
-7,38,1.0
-6,38,1.0
-5,38,1.0
-4,38,1.0
-3,38,1.0
-2,38,1.0
-1,38,1.0
0,38,1.0
1,38,1.0
2,38,1.0
3,38,1.0
4,38,1.0
5,38,1.0
6,38,1.0
7,38,1.0
8,38,0.64
9,38,0.0
10,38,0.0
11,38,0.06
12,38,0.33
13,38,0.34
14,38,0.71
15,38,1.0
16,38,1.0
17,38,1.0
18,38,1.0
19,38,1.0
20,38,1.0
21,38,1.0
22,38,1.0
23,38,1.0
24,38,1.0
25,38,1.0
26,38,1.0
27,38,1.0
28,38,1.0
29,38,1.0
30,38,1.0
31,38,0.57
32,38,0.32
33,38,1.0
34,38,1.0
35,38,1.0
36,38,1.0
37,38,1.0
38,38,1.0
39,38,1.0
40,38,1.0
41,38,1.0
-19,39,1.0
-18,39,1.0
-17,39,1.0
-16,39,1.0
-15,39,1.0
-14,39,1.0
-13,39,1.0
-12,39,1.0
-11,39,1.0
-10,39,1.0
-9,39,1.0
-8,39,1.0
-7,39,1.0
-6,39,1.0
-5,39,1.0
-4,39,1.0
-3,39,1.0
-2,39,1.0
-1,39,1.0
0,39,1.0
1,39,1.0
2,39,1.0
3,39,1.0
4,39,1.0
5,39,1.0
6,39,1.0
7,39,1.0
8,39,0.14
9,39,0.0
10,39,0.0
11,39,0.0
12,39,0.0
13,39,0.03
14,39,0.95
15,39,1.0
16,39,1.0
17,39,0.96
18,39,0.98
19,39,1.0
20,39,1.0
21,39,1.0
22,39,1.0
23,39,1.0
24,39,1.0
25,39,1.0
26,39,1.0
27,39,1.0
28,39,1.0
29,39,1.0
30,39,0.97
31,39,0.01
32,39,0.7
33,39,1.0
34,39,1.0
35,39,1.0
36,39,1.0
37,39,1.0
38,39,1.0
39,39,1.0
40,39,1.0
-20,40,1.0
-19,40,1.0
-18,40,1.0
-17,40,1.0
-16,40,1.0
-15,40,1.0
-14,40,1.0
-13,40,1.0
-12,40,1.0
-11,40,1.0
-10,40,1.0
-9,40,1.0
-8,40,1.0
-7,40,1.0
-6,40,1.0
-5,40,1.0
-4,40,1.0
-3,40,1.0
-2,40,1.0
-1,40,1.0
0,40,1.0
1,40,1.0
2,40,1.0
3,40,1.0
4,40,1.0
5,40,1.0
6,40,1.0
7,40,0.59
8,40,0.0
9,40,0.0
10,40,0.0
11,40,0.0
12,40,0.0
13,40,0.5
14,40,1.0
15,40,1.0
16,40,1.0
17,40,1.0
18,40,1.0
19,40,1.0
20,40,1.0
21,40,1.0
22,40,1.0
23,40,1.0
24,40,1.0
25,40,0.92
26,40,1.0
27,40,1.0
28,40,1.0
29,40,1.0
30,40,0.67
31,40,0.2
32,40,1.0
33,40,1.0
34,40,1.0
35,40,1.0
36,40,1.0
37,40,1.0
38,40,1.0
39,40,1.0
40,40,1.0
-20,41,1.0
-19,41,1.0
-18,41,1.0
-17,41,1.0
-16,41,1.0
-15,41,1.0
-14,41,1.0
-13,41,1.0
-12,41,1.0
-11,41,1.0
-10,41,1.0
-9,41,1.0
-8,41,1.0
-7,41,1.0
-6,41,1.0
-5,41,1.0
-4,41,1.0
-3,41,1.0
-2,41,0.71
-1,41,0.51
0,41,0.86
1,41,1.0
2,41,1.0
3,41,1.0
4,41,1.0
5,41,1.0
6,41,0.98
7,41,0.37
8,41,0.27
9,41,0.16
10,41,0.0
11,41,0.0
12,41,0.07
13,41,1.0
14,41,1.0
15,41,1.0
16,41,1.0
17,41,1.0
18,41,1.0
19,41,1.0
20,41,1.0
21,41,1.0
22,41,1.0
23,41,1.0
24,41,1.0
25,41,1.0
26,41,1.0
27,41,1.0
28,41,1.0
29,41,1.0
30,41,0.33
31,41,0.7
32,41,1.0
33,41,1.0
34,41,1.0
35,41,1.0
36,41,1.0
37,41,1.0
38,41,1.0
39,41,1.0
-21,42,1.0
-20,42,1.0
-19,42,1.0
-18,42,1.0
-17,42,1.0
-16,42,1.0
-15,42,1.0
-14,42,1.0
-13,42,1.0
-12,42,1.0
-11,42,1.0
-10,42,1.0
-9,42,1.0
-8,42,1.0
-7,42,1.0
-6,42,1.0
-5,42,1.0
-4,42,1.0
-3,42,0.4
-2,42,0.0
-1,42,0.0
0,42,0.78
1,42,1.0
2,42,1.0
3,42,1.0
4,42,1.0
5,42,1.0
6,42,1.0
7,42,1.0
8,42,1.0
9,42,0.37
10,42,0.12
11,42,0.09
12,42,0.69
13,42,1.0
14,42,0.64
15,42,0.95
16,42,1.0
17,42,1.0
18,42,1.0
19,42,1.0
20,42,1.0
21,42,1.0
22,42,1.0
23,42,1.0
24,42,1.0
25,42,1.0
26,42,1.0
27,42,0.79
28,42,0.54
29,42,0.46
30,42,0.2
31,42,1.0
32,42,1.0
33,42,1.0
34,42,1.0
35,42,1.0
36,42,1.0
37,42,1.0
38,42,1.0
39,42,1.0
-21,43,1.0
-20,43,1.0
-19,43,1.0
-18,43,1.0
-17,43,1.0
-16,43,1.0
-15,43,1.0
-14,43,1.0
-13,43,1.0
-12,43,1.0
-11,43,1.0
-10,43,1.0
-9,43,1.0
-8,43,1.0
-7,43,1.0
-6,43,1.0
-5,43,1.0
-4,43,0.93
-3,43,0.23
-2,43,0.12
-1,43,0.61
0,43,1.0
1,43,1.0
2,43,1.0
3,43,1.0
4,43,1.0
5,43,1.0
6,43,1.0
7,43,1.0
8,43,1.0
9,43,1.0
10,43,1.0
11,43,0.97
12,43,1.0
13,43,1.0
14,43,1.0
15,43,1.0
16,43,1.0
17,43,1.0
18,43,1.0
19,43,1.0
20,43,1.0
21,43,1.0
22,43,1.0
23,43,1.0
24,43,0.89
25,43,0.95
26,43,0.93
27,43,0.01
28,43,0.0
29,43,0.0
30,43,0.7
31,43,1.0
32,43,1.0
33,43,1.0
34,43,1.0
35,43,1.0
36,43,1.0
37,43,1.0
38,43,1.0
-22,44,1.0
-21,44,1.0
-20,44,1.0
-19,44,1.0
-18,44,1.0
-17,44,1.0
-16,44,1.0
-15,44,1.0
-14,44,1.0
-13,44,1.0
-12,44,1.0
-11,44,1.0
-10,44,1.0
-9,44,1.0
-8,44,1.0
-7,44,1.0
-6,44,1.0
-5,44,1.0
-4,44,1.0
-3,44,1.0
-2,44,1.0
-1,44,1.0
0,44,1.0
1,44,1.0
2,44,1.0
3,44,1.0
4,44,1.0
5,44,1.0
6,44,1.0
7,44,1.0
8,44,1.0
9,44,1.0
10,44,0.98
11,44,0.56
12,44,0.93
13,44,1.0
14,44,1.0
15,44,1.0
16,44,1.0
17,44,1.0
18,44,1.0
19,44,1.0
20,44,1.0
21,44,1.0
22,44,1.0
23,44,1.0
24,44,1.0
25,44,1.0
26,44,0.6
27,44,0.03
28,44,0.0
29,44,0.2
30,44,1.0
31,44,1.0
32,44,1.0
33,44,1.0
34,44,1.0
35,44,1.0
36,44,1.0
37,44,1.0
38,44,1.0
-22,45,1.0
-21,45,1.0
-20,45,1.0
-19,45,1.0
-18,45,1.0
-17,45,1.0
-16,45,1.0
-15,45,1.0
-14,45,1.0
-13,45,1.0
-12,45,1.0
-11,45,1.0
-10,45,1.0
-9,45,1.0
-8,45,1.0
-7,45,1.0
-6,45,1.0
-5,45,1.0
-4,45,1.0
-3,45,1.0
-2,45,1.0
-1,45,1.0
0,45,1.0
1,45,1.0
2,45,1.0
3,45,1.0
4,45,1.0
5,45,1.0
6,45,1.0
7,45,1.0
8,45,1.0
9,45,1.0
10,45,1.0
11,45,1.0
12,45,1.0
13,45,1.0
14,45,1.0
15,45,1.0
16,45,1.0
17,45,1.0
18,45,1.0
19,45,1.0
20,45,1.0
21,45,1.0
22,45,1.0
23,45,1.0
24,45,1.0
25,45,1.0
26,45,0.87
27,45,0.74
28,45,0.32
29,45,0.77
30,45,1.0
31,45,1.0
32,45,1.0
33,45,1.0
34,45,1.0
35,45,1.0
36,45,1.0
37,45,1.0
-23,46,1.0
-22,46,1.0
-21,46,1.0
-20,46,1.0
-19,46,1.0
-18,46,1.0
-17,46,1.0
-16,46,1.0
-15,46,1.0
-14,46,1.0
-13,46,1.0
-12,46,1.0
-11,46,1.0
-10,46,1.0
-9,46,1.0
-8,46,1.0
-7,46,1.0
-6,46,1.0
-5,46,1.0
-4,46,1.0
-3,46,1.0
-2,46,1.0
-1,46,1.0
0,46,1.0
1,46,1.0
2,46,1.0
3,46,1.0
4,46,0.88
5,46,1.0
6,46,1.0
7,46,1.0
8,46,1.0
9,46,1.0
10,46,1.0
11,46,1.0
12,46,1.0
13,46,1.0
14,46,1.0
15,46,1.0
16,46,1.0
17,46,1.0
18,46,1.0
19,46,1.0
20,46,1.0
21,46,1.0
22,46,1.0
23,46,1.0
24,46,1.0
25,46,1.0
26,46,0.98
27,46,0.47
28,46,0.9
29,46,1.0
30,46,1.0
31,46,1.0
32,46,1.0
33,46,1.0
34,46,1.0
35,46,1.0
36,46,1.0
37,46,1.0
-23,47,1.0
-22,47,1.0
-21,47,1.0
-20,47,1.0
-19,47,1.0
-18,47,1.0
-17,47,1.0
-16,47,1.0
-15,47,1.0
-14,47,1.0
-13,47,1.0
-12,47,0.92
-11,47,0.77
-10,47,0.7
-9,47,0.7
-8,47,0.62
-7,47,0.56
-6,47,0.5
-5,47,0.4
-4,47,0.4
-3,47,0.4
-2,47,0.49
-1,47,0.71
0,47,0.99
1,47,1.0
2,47,1.0
3,47,1.0
4,47,1.0
5,47,1.0
6,47,1.0
7,47,0.96
8,47,0.9
9,47,0.91
10,47,1.0
11,47,1.0
12,47,1.0
13,47,1.0
14,47,1.0
15,47,1.0
16,47,1.0
17,47,1.0
18,47,1.0
19,47,1.0
20,47,1.0
21,47,1.0
22,47,1.0
23,47,1.0
24,47,1.0
25,47,1.0
26,47,1.0
27,47,1.0
28,47,0.96
29,47,1.0
30,47,1.0
31,47,1.0
32,47,1.0
33,47,1.0
34,47,1.0
35,47,1.0
36,47,1.0
-24,48,1.0
-23,48,1.0
-22,48,1.0
-21,48,1.0
-20,48,1.0
-19,48,1.0
-18,48,1.0
-17,48,1.0
-16,48,1.0
-15,48,1.0
-14,48,1.0
-13,48,1.0
-12,48,0.02
-11,48,0.0
-10,48,0.0
-9,48,0.0
-8,48,0.0
-7,48,0.0
-6,48,0.0
-5,48,0.0
-4,48,0.0
-3,48,0.0
-2,48,0.0
-1,48,0.2
0,48,1.0
1,48,1.0
2,48,1.0
3,48,1.0
4,48,1.0
5,48,1.0
6,48,1.0
7,48,1.0
8,48,1.0
9,48,1.0
10,48,1.0
11,48,1.0
12,48,1.0
13,48,1.0
14,48,0.9
15,48,1.0
16,48,1.0
17,48,1.0
18,48,1.0
19,48,1.0
20,48,1.0
21,48,1.0
22,48,1.0
23,48,1.0
24,48,1.0
25,48,1.0
26,48,0.98
27,48,0.88
28,48,1.0
29,48,1.0
30,48,1.0
31,48,1.0
32,48,1.0
33,48,1.0
34,48,1.0
35,48,1.0
36,48,1.0
-24,49,1.0
-23,49,1.0
-22,49,1.0
-21,49,1.0
-20,49,1.0
-19,49,1.0
-18,49,1.0
-17,49,1.0
-16,49,1.0
-15,49,1.0
-14,49,1.0
-13,49,0.5
-12,49,0.0
-11,49,0.0
-10,49,0.0
-9,49,0.0
-8,49,0.0
-7,49,0.0
-6,49,0.0
-5,49,0.0
-4,49,0.0
-3,49,0.0
-2,49,0.0
-1,49,0.51
0,49,1.0
1,49,1.0
2,49,1.0
3,49,1.0
4,49,1.0
5,49,1.0
6,49,1.0
7,49,0.95
8,49,0.9
9,49,0.9
10,49,0.9
11,49,0.84
12,49,0.8
13,49,0.71
14,49,0.61
15,49,0.6
16,49,0.6
17,49,0.6
18,49,0.58
19,49,0.58
20,49,0.58
21,49,0.98
22,49,1.0
23,49,0.87
24,49,0.96
25,49,0.9
26,49,0.88
27,49,1.0
28,49,1.0
29,49,1.0
30,49,1.0
31,49,1.0
32,49,1.0
33,49,1.0
34,49,1.0
35,49,1.0
-25,50,1.0
-24,50,1.0
-23,50,1.0
-22,50,1.0
-21,50,1.0
-20,50,1.0
-19,50,1.0
-18,50,1.0
-17,50,1.0
-16,50,1.0
-15,50,0.92
-14,50,0.97
-13,50,0.0
-12,50,0.0
-11,50,0.0
-10,50,0.0
-9,50,0.0
-8,50,0.0
-7,50,0.0
-6,50,0.0
-5,50,0.0
-4,50,0.0
-3,50,0.0
-2,50,0.0
-1,50,0.92
0,50,1.0
1,50,1.0
2,50,1.0
3,50,1.0
4,50,0.68
5,50,0.13
6,50,0.1
7,50,0.0
8,50,0.0
9,50,0.0
10,50,0.0
11,50,0.0
12,50,0.0
13,50,0.0
14,50,0.0
15,50,0.0
16,50,0.0
17,50,0.0
18,50,0.0
19,50,0.0
20,50,0.29
21,50,1.0
22,50,1.0
23,50,1.0
24,50,0.5
25,50,0.63
26,50,1.0
27,50,1.0
28,50,1.0
29,50,1.0
30,50,1.0
31,50,1.0
32,50,1.0
33,50,1.0
34,50,1.0
35,50,1.0
-25,51,1.0
-24,51,1.0
-23,51,1.0
-22,51,1.0
-21,51,1.0
-20,51,1.0
-19,51,1.0
-18,51,1.0
-17,51,1.0
-16,51,0.94
-15,51,0.86
-14,51,0.29
-13,51,0.0
-12,51,0.0
-11,51,0.0
-10,51,0.0
-9,51,0.0
-8,51,0.0
-7,51,0.0
-6,51,0.0
-5,51,0.0
-4,51,0.0
-3,51,0.0
-2,51,0.4
-1,51,1.0
0,51,1.0
1,51,1.0
2,51,1.0
3,51,0.98
4,51,0.14
5,51,0.0
6,51,0.0
7,51,0.0
8,51,0.0
9,51,0.0
10,51,0.0
11,51,0.0
12,51,0.0
13,51,0.0
14,51,0.0
15,51,0.0
16,51,0.0
17,51,0.0
18,51,0.0
19,51,0.0
20,51,0.51
21,51,0.59
22,51,0.31
23,51,0.14
24,51,0.02
25,51,0.79
26,51,0.86
27,51,1.0
28,51,1.0
29,51,1.0
30,51,1.0
31,51,1.0
32,51,1.0
33,51,1.0
34,51,1.0
-26,52,1.0
-25,52,1.0
-24,52,1.0
-23,52,1.0
-22,52,1.0
-21,52,1.0
-20,52,1.0
-19,52,1.0
-18,52,1.0
-17,52,1.0
-16,52,0.96
-15,52,0.9
-14,52,0.0
-13,52,0.0
-12,52,0.0
-11,52,0.0
-10,52,0.0
-9,52,0.0
-8,52,0.0
-7,52,0.0
-6,52,0.0
-5,52,0.0
-4,52,0.0
-3,52,0.0
-2,52,0.9
-1,52,1.0
0,52,1.0
1,52,1.0
2,52,1.0
3,52,0.7
4,52,0.0
5,52,0.0
6,52,0.0
7,52,0.0
8,52,0.0
9,52,0.0
10,52,0.0
11,52,0.0
12,52,0.0
13,52,0.0
14,52,0.0
15,52,0.0
16,52,0.0
17,52,0.0
18,52,0.0
19,52,0.1
20,52,0.43
21,52,0.25
22,52,0.43
23,52,0.1
24,52,0.02
25,52,0.5
26,52,1.0
27,52,1.0
28,52,1.0
29,52,1.0
30,52,1.0
31,52,1.0
32,52,1.0
33,52,1.0
34,52,1.0
-26,53,1.0
-25,53,1.0
-24,53,1.0
-23,53,1.0
-22,53,1.0
-21,53,1.0
-20,53,1.0
-19,53,1.0
-18,53,1.0
-17,53,1.0
-16,53,1.0
-15,53,0.41
-14,53,0.0
-13,53,0.0
-12,53,0.0
-11,53,0.0
-10,53,0.0
-9,53,0.0
-8,53,0.0
-7,53,0.0
-6,53,0.0
-5,53,0.0
-4,53,0.0
-3,53,0.35
-2,53,1.0
-1,53,1.0
0,53,1.0
1,53,1.0
2,53,1.0
3,53,0.24
4,53,0.0
5,53,0.0
6,53,0.0
7,53,0.0
8,53,0.0
9,53,0.0
10,53,0.0
11,53,0.0
12,53,0.0
13,53,0.0
14,53,0.0
15,53,0.0
16,53,0.0
17,53,0.0
18,53,0.0
19,53,0.55
20,53,0.75
21,53,0.92
22,53,0.81
23,53,0.03
24,53,0.0
25,53,0.7
26,53,1.0
27,53,1.0
28,53,1.0
29,53,1.0
30,53,1.0
31,53,1.0
32,53,1.0
33,53,1.0
-27,54,1.0
-26,54,1.0
-25,54,1.0
-24,54,1.0
-23,54,1.0
-22,54,1.0
-21,54,1.0
-20,54,1.0
-19,54,1.0
-18,54,1.0
-17,54,0.98
-16,54,0.89
-15,54,0.0
-14,54,0.0
-13,54,0.0
-12,54,0.0
-11,54,0.0
-10,54,0.0
-9,54,0.0
-8,54,0.0
-7,54,0.0
-6,54,0.0
-5,54,0.0
-4,54,0.0
-3,54,0.71
-2,54,1.0
-1,54,1.0
0,54,1.0
1,54,1.0
2,54,0.75
3,54,0.0
4,54,0.0
5,54,0.0
6,54,0.0
7,54,0.0
8,54,0.0
9,54,0.0
10,54,0.0
11,54,0.0
12,54,0.0
13,54,0.0
14,54,0.0
15,54,0.0
16,54,0.0
17,54,0.0
18,54,0.0
19,54,0.42
20,54,0.86
21,54,0.09
22,54,0.04
23,54,0.03
24,54,0.27
25,54,1.0
26,54,1.0
27,54,1.0
28,54,1.0
29,54,1.0
30,54,1.0
31,54,1.0
32,54,1.0
33,54,1.0
-27,55,1.0
-26,55,1.0
-25,55,1.0
-24,55,1.0
-23,55,1.0
-22,55,1.0
-21,55,1.0
-20,55,1.0
-19,55,1.0
-18,55,0.95
-17,55,0.62
-16,55,0.4
-15,55,0.0
-14,55,0.0
-13,55,0.0
-12,55,0.0
-11,55,0.0
-10,55,0.0
-9,55,0.0
-8,55,0.0
-7,55,0.0
-6,55,0.0
-5,55,0.0
-4,55,0.14
-3,55,1.0
-2,55,1.0
-1,55,1.0
0,55,1.0
1,55,1.0
2,55,0.3
3,55,0.0
4,55,0.0
5,55,0.0
6,55,0.0
7,55,0.0
8,55,0.0
9,55,0.0
10,55,0.0
11,55,0.0
12,55,0.0
13,55,0.0
14,55,0.0
15,55,0.0
16,55,0.0
17,55,0.0
18,55,0.0
19,55,0.0
20,55,0.18
21,55,0.0
22,55,0.0
23,55,0.0
24,55,0.7
25,55,1.0
26,55,1.0
27,55,1.0
28,55,1.0
29,55,1.0
30,55,1.0
31,55,1.0
32,55,1.0
-28,56,1.0
-27,56,1.0
-26,56,1.0
-25,56,1.0
-24,56,1.0
-23,56,1.0
-22,56,1.0
-21,56,1.0
-20,56,1.0
-19,56,1.0
-18,56,0.97
-17,56,0.84
-16,56,0.0
-15,56,0.0
-14,56,0.0
-13,56,0.0
-12,56,0.0
-11,56,0.0
-10,56,0.0
-9,56,0.0
-8,56,0.0
-7,56,0.0
-6,56,0.0
-5,56,0.0
-4,56,0.64
-3,56,1.0
-2,56,1.0
-1,56,0.96
0,56,0.82
1,56,0.26
2,56,0.0
3,56,0.0
4,56,0.0
5,56,0.0
6,56,0.0
7,56,0.0
8,56,0.0
9,56,0.0
10,56,0.0
11,56,0.0
12,56,0.0
13,56,0.0
14,56,0.0
15,56,0.0
16,56,0.0
17,56,0.0
18,56,0.0
19,56,0.0
20,56,0.0
21,56,0.0
22,56,0.0
23,56,0.2
24,56,1.0
25,56,1.0
26,56,1.0
27,56,1.0
28,56,1.0
29,56,1.0
30,56,1.0
31,56,1.0
32,56,1.0
-28,57,1.0
-27,57,1.0
-26,57,1.0
-25,57,1.0
-24,57,1.0
-23,57,1.0
-22,57,1.0
-21,57,1.0
-20,57,1.0
-19,57,1.0
-18,57,1.0
-17,57,0.41
-16,57,0.0
-15,57,0.0
-14,57,0.0
-13,57,0.0
-12,57,0.0
-11,57,0.0
-10,57,0.0
-9,57,0.0
-8,57,0.0
-7,57,0.0
-6,57,0.0
-5,57,0.05
-4,57,0.96
-3,57,0.64
-2,57,0.22
-1,57,0.33
0,57,0.58
1,57,0.16
2,57,0.0
3,57,0.0
4,57,0.0
5,57,0.0
6,57,0.0
7,57,0.0
8,57,0.0
9,57,0.0
10,57,0.0
11,57,0.0
12,57,0.0
13,57,0.0
14,57,0.0
15,57,0.0
16,57,0.0
17,57,0.02
18,57,0.1
19,57,0.0
20,57,0.0
21,57,0.0
22,57,0.0
23,57,0.7
24,57,1.0
25,57,1.0
26,57,1.0
27,57,1.0
28,57,1.0
29,57,1.0
30,57,1.0
31,57,1.0
-29,58,1.0
-28,58,1.0
-27,58,1.0
-26,58,1.0
-25,58,1.0
-24,58,1.0
-23,58,1.0
-22,58,1.0
-21,58,1.0
-20,58,1.0
-19,58,1.0
-18,58,0.92
-17,58,0.0
-16,58,0.0
-15,58,0.0
-14,58,0.0
-13,58,0.0
-12,58,0.0
-11,58,0.0
-10,58,0.0
-9,58,0.0
-8,58,0.0
-7,58,0.0
-6,58,0.0
-5,58,0.11
-4,58,0.14
-3,58,0.42
-2,58,0.72
-1,58,0.96
0,58,0.6
1,58,0.02
2,58,0.0
3,58,0.0
4,58,0.04
5,58,0.06
6,58,0.01
7,58,0.0
8,58,0.0
9,58,0.0
10,58,0.0
11,58,0.0
12,58,0.0
13,58,0.0
14,58,0.0
15,58,0.0
16,58,0.0
17,58,0.0
18,58,0.0
19,58,0.0
20,58,0.0
21,58,0.0
22,58,0.2
23,58,1.0
24,58,1.0
25,58,1.0
26,58,1.0
27,58,1.0
28,58,1.0
29,58,1.0
30,58,1.0
31,58,1.0
-29,59,1.0
-28,59,1.0
-27,59,1.0
-26,59,1.0
-25,59,1.0
-24,59,1.0
-23,59,1.0
-22,59,1.0
-21,59,1.0
-20,59,1.0
-19,59,1.0
-18,59,0.56
-17,59,0.26
-16,59,0.2
-15,59,0.2
-14,59,0.2
-13,59,0.2
-12,59,0.2
-11,59,0.2
-10,59,0.2
-9,59,0.2
-8,59,0.2
-7,59,0.2
-6,59,0.21
-5,59,0.71
-4,59,0.95
-3,59,0.54
-2,59,0.91
-1,59,0.99
0,59,0.84
1,59,0.66
2,59,0.62
3,59,0.41
4,59,0.66
5,59,0.73
6,59,0.27
7,59,0.2
8,59,0.2
9,59,0.29
10,59,0.2
11,59,0.2
12,59,0.2
13,59,0.2
14,59,0.2
15,59,0.2
16,59,0.2
17,59,0.2
18,59,0.2
19,59,0.2
20,59,0.2
21,59,0.2
22,59,0.76
23,59,1.0
24,59,1.0
25,59,1.0
26,59,1.0
27,59,1.0
28,59,1.0
29,59,1.0
30,59,1.0
-30,60,1.0
-29,60,1.0
-28,60,1.0
-27,60,1.0
-26,60,1.0
-25,60,1.0
-24,60,1.0
-23,60,1.0
-22,60,1.0
-21,60,1.0
-20,60,1.0
-19,60,1.0
-18,60,1.0
-17,60,1.0
-16,60,1.0
-15,60,1.0
-14,60,1.0
-13,60,1.0
-12,60,1.0
-11,60,1.0
-10,60,1.0
-9,60,1.0
-8,60,1.0
-7,60,1.0
-6,60,1.0
-5,60,1.0
-4,60,1.0
-3,60,1.0
-2,60,1.0
-1,60,1.0
0,60,1.0
1,60,1.0
2,60,1.0
3,60,1.0
4,60,1.0
5,60,1.0
6,60,1.0
7,60,1.0
8,60,1.0
9,60,1.0
10,60,1.0
11,60,1.0
12,60,1.0
13,60,1.0
14,60,1.0
15,60,1.0
16,60,1.0
17,60,1.0
18,60,1.0
19,60,1.0
20,60,1.0
21,60,1.0
22,60,1.0
23,60,1.0
24,60,1.0
25,60,1.0
26,60,1.0
27,60,1.0
28,60,1.0
29,60,1.0
30,60,1.0
-30,61,1.0
-29,61,1.0
-28,61,1.0
-27,61,1.0
-26,61,1.0
-25,61,1.0
-24,61,1.0
-23,61,1.0
-22,61,1.0
-21,61,1.0
-20,61,1.0
-19,61,1.0
-18,61,1.0
-17,61,1.0
-16,61,1.0
-15,61,1.0
-14,61,1.0
-13,61,1.0
-12,61,1.0
-11,61,1.0
-10,61,1.0
-9,61,1.0
-8,61,1.0
-7,61,1.0
-6,61,1.0
-5,61,1.0
-4,61,1.0
-3,61,1.0
-2,61,1.0
-1,61,1.0
0,61,1.0
1,61,1.0
2,61,1.0
3,61,1.0
4,61,1.0
5,61,1.0
6,61,1.0
7,61,1.0
8,61,1.0
9,61,1.0
10,61,1.0
11,61,1.0
12,61,1.0
13,61,1.0
14,61,1.0
15,61,1.0
16,61,1.0
17,61,1.0
18,61,1.0
19,61,1.0
20,61,1.0
21,61,1.0
22,61,1.0
23,61,1.0
24,61,1.0
25,61,1.0
26,61,1.0
27,61,1.0
28,61,1.0
29,61,1.0
-31,62,1.0
-30,62,1.0
-29,62,1.0
-28,62,1.0
-27,62,1.0
-26,62,1.0
-25,62,1.0
-24,62,1.0
-23,62,1.0
-22,62,1.0
-21,62,1.0
-20,62,1.0
-19,62,1.0
-18,62,1.0
-17,62,1.0
-16,62,1.0
-15,62,1.0
-14,62,1.0
-13,62,1.0
-12,62,1.0
-11,62,1.0
-10,62,1.0
-9,62,1.0
-8,62,1.0
-7,62,1.0
-6,62,1.0
-5,62,1.0
-4,62,1.0
-3,62,1.0
-2,62,1.0
-1,62,1.0
0,62,1.0
1,62,1.0
2,62,1.0
3,62,1.0
4,62,1.0
5,62,1.0
6,62,1.0
7,62,1.0
8,62,1.0
9,62,1.0
10,62,1.0
11,62,1.0
12,62,1.0
13,62,1.0
14,62,1.0
15,62,1.0
16,62,1.0
17,62,1.0
18,62,1.0
19,62,1.0
20,62,1.0
21,62,1.0
22,62,1.0
23,62,1.0
24,62,1.0
25,62,1.0
26,62,1.0
27,62,1.0
28,62,1.0
29,62,1.0
-31,63,1.0
-30,63,1.0
-29,63,1.0
-28,63,1.0
-27,63,1.0
-26,63,1.0
-25,63,1.0
-24,63,1.0
-23,63,1.0
-22,63,1.0
-21,63,1.0
-20,63,1.0
-19,63,1.0
-18,63,1.0
-17,63,1.0
-16,63,1.0
-15,63,1.0
-14,63,1.0
-13,63,1.0
-12,63,1.0
-11,63,1.0
-10,63,1.0
-9,63,1.0
-8,63,1.0
-7,63,1.0
-6,63,1.0
-5,63,1.0
-4,63,1.0
-3,63,1.0
-2,63,1.0
-1,63,1.0
0,63,1.0
1,63,1.0
2,63,1.0
3,63,1.0
4,63,1.0
5,63,1.0
6,63,1.0
7,63,1.0
8,63,1.0
9,63,1.0
10,63,1.0
11,63,1.0
12,63,1.0
13,63,1.0
14,63,1.0
15,63,1.0
16,63,1.0
17,63,1.0
18,63,1.0
19,63,1.0
20,63,1.0
21,63,1.0
22,63,1.0
23,63,1.0
24,63,1.0
25,63,1.0
26,63,1.0
27,63,1.0
28,63,1.0
-32,64,1.0
-31,64,1.0
-30,64,1.0
-29,64,1.0
-28,64,1.0
-27,64,1.0
-26,64,1.0
-25,64,1.0
-24,64,1.0
-23,64,1.0
-22,64,1.0
-21,64,1.0
-20,64,1.0
-19,64,1.0
-18,64,1.0
-17,64,1.0
-16,64,1.0
-15,64,1.0
-14,64,1.0
-13,64,1.0
-12,64,1.0
-11,64,1.0
-10,64,1.0
-9,64,1.0
-8,64,1.0
-7,64,1.0
-6,64,1.0
-5,64,1.0
-4,64,1.0
-3,64,1.0
-2,64,1.0
-1,64,1.0
0,64,1.0
1,64,1.0
2,64,1.0
3,64,1.0
4,64,1.0
5,64,1.0
6,64,1.0
7,64,1.0
8,64,1.0
9,64,1.0
10,64,1.0
11,64,1.0
12,64,1.0
13,64,1.0
14,64,1.0
15,64,1.0
16,64,1.0
17,64,1.0
18,64,1.0
19,64,1.0
20,64,1.0
21,64,1.0
22,64,1.0
23,64,1.0
24,64,1.0
25,64,1.0
26,64,1.0
27,64,1.0
28,64,1.0
-32,65,1.0
-31,65,1.0
-30,65,1.0
-29,65,1.0
-28,65,1.0
-27,65,1.0
-26,65,1.0
-25,65,1.0
-24,65,1.0
-23,65,1.0
-22,65,1.0
-21,65,1.0
-20,65,1.0
-19,65,1.0
-18,65,1.0
-17,65,1.0
-16,65,1.0
-15,65,1.0
-14,65,1.0
-13,65,1.0
-12,65,1.0
-11,65,1.0
-10,65,1.0
-9,65,1.0
-8,65,1.0
-7,65,1.0
-6,65,1.0
-5,65,1.0
-4,65,1.0
-3,65,1.0
-2,65,1.0
-1,65,1.0
0,65,1.0
1,65,1.0
2,65,1.0
3,65,1.0
4,65,1.0
5,65,1.0
6,65,1.0
7,65,1.0
8,65,1.0
9,65,1.0
10,65,1.0
11,65,1.0
12,65,1.0
13,65,1.0
14,65,1.0
15,65,1.0
16,65,1.0
17,65,1.0
18,65,1.0
19,65,1.0
20,65,1.0
21,65,1.0
22,65,1.0
23,65,1.0
24,65,1.0
25,65,1.0
26,65,1.0
27,65,1.0
-33,66,1.0
-32,66,1.0
-31,66,1.0
-30,66,1.0
-29,66,1.0
-28,66,1.0
-27,66,1.0
-26,66,1.0
-25,66,1.0
-24,66,1.0
-23,66,1.0
-22,66,1.0
-21,66,1.0
-20,66,1.0
-19,66,1.0
-18,66,1.0
-17,66,1.0
-16,66,1.0
-15,66,1.0
-14,66,1.0
-13,66,1.0
-12,66,1.0
-11,66,1.0
-10,66,1.0
-9,66,1.0
-8,66,1.0
-7,66,1.0
-6,66,1.0
-5,66,1.0
-4,66,1.0
-3,66,1.0
-2,66,1.0
-1,66,1.0
0,66,1.0
1,66,1.0
2,66,1.0
3,66,1.0
4,66,1.0
5,66,1.0
6,66,1.0
7,66,1.0
8,66,1.0
9,66,1.0
10,66,1.0
11,66,1.0
12,66,1.0
13,66,1.0
14,66,1.0
15,66,1.0
16,66,1.0
17,66,1.0
18,66,1.0
19,66,1.0
20,66,1.0
21,66,1.0
22,66,1.0
23,66,1.0
24,66,1.0
25,66,1.0
26,66,1.0
27,66,1.0
-33,67,1.0
-32,67,1.0
-31,67,1.0
-30,67,1.0
-29,67,1.0
-28,67,1.0
-27,67,1.0
-26,67,1.0
-25,67,1.0
-24,67,1.0
-23,67,1.0
-22,67,1.0
-21,67,1.0
-20,67,1.0
-19,67,1.0
-18,67,1.0
-17,67,1.0
-16,67,1.0
-15,67,1.0
-14,67,1.0
-13,67,1.0
-12,67,1.0
-11,67,1.0
-10,67,1.0
-9,67,1.0
-8,67,1.0
-7,67,1.0
-6,67,1.0
-5,67,1.0
-4,67,1.0
-3,67,1.0
-2,67,1.0
-1,67,1.0
0,67,1.0
1,67,1.0
2,67,1.0
3,67,1.0
4,67,1.0
5,67,1.0
6,67,1.0
7,67,1.0
8,67,1.0
9,67,1.0
10,67,1.0
11,67,1.0
12,67,1.0
13,67,1.0
14,67,1.0
15,67,1.0
16,67,1.0
17,67,1.0
18,67,1.0
19,67,1.0
20,67,1.0
21,67,1.0
22,67,1.0
23,67,1.0
24,67,1.0
25,67,1.0
26,67,1.0
-34,68,1.0
-33,68,1.0
-32,68,1.0
-31,68,1.0
-30,68,1.0
-29,68,1.0
-28,68,1.0
-27,68,1.0
-26,68,1.0
-25,68,1.0
-24,68,1.0
-23,68,1.0
-22,68,1.0
-21,68,1.0
-20,68,1.0
-19,68,1.0
-18,68,1.0
-17,68,1.0
-16,68,1.0
-15,68,1.0
-14,68,1.0
-13,68,1.0
-12,68,1.0
-11,68,1.0
-10,68,1.0
-9,68,1.0
-8,68,1.0
-7,68,1.0
-6,68,1.0
-5,68,1.0
-4,68,1.0
-3,68,1.0
-2,68,1.0
-1,68,1.0
0,68,1.0
1,68,1.0
2,68,1.0
3,68,1.0
4,68,1.0
5,68,1.0
6,68,1.0
7,68,1.0
8,68,1.0
9,68,1.0
10,68,1.0
11,68,1.0
12,68,1.0
13,68,1.0
14,68,1.0
15,68,1.0
16,68,1.0
17,68,1.0
18,68,1.0
19,68,1.0
20,68,1.0
21,68,1.0
22,68,1.0
23,68,1.0
24,68,1.0
25,68,1.0
26,68,1.0
-34,69,1.0
-33,69,1.0
-32,69,1.0
-31,69,1.0
-30,69,1.0
-29,69,1.0
-28,69,1.0
-27,69,1.0
-26,69,1.0
-25,69,1.0
-24,69,1.0
-23,69,1.0
-22,69,1.0
-21,69,1.0
-20,69,1.0
-19,69,1.0
-18,69,1.0
-17,69,1.0
-16,69,1.0
-15,69,1.0
-14,69,1.0
-13,69,1.0
-12,69,1.0
-11,69,1.0
-10,69,1.0
-9,69,1.0
-8,69,1.0
-7,69,1.0
-6,69,1.0
-5,69,1.0
-4,69,1.0
-3,69,1.0
-2,69,1.0
-1,69,1.0
0,69,1.0
1,69,1.0
2,69,1.0
3,69,1.0
4,69,1.0
5,69,1.0
6,69,1.0
7,69,1.0
8,69,1.0
9,69,1.0
10,69,1.0
11,69,1.0
12,69,1.0
13,69,1.0
14,69,1.0
15,69,1.0
16,69,1.0
17,69,1.0
18,69,1.0
19,69,1.0
20,69,1.0
21,69,1.0
22,69,1.0
23,69,1.0
24,69,1.0
25,69,1.0
